# time(ms) x(pixel) y(pixel) blob_area(pixels).. repeated for each blob
682610 515.5 524.5 221
682743 488 543 240.5
682875 489 541 225
683006 488 568 127.5
683139 489.5 595 240
683271 511 595 249
683404 467 598 244.5
683537 490 539.5 263.5
683670 482.5 576.5 250
683802 490 528.5 236.5
683935 464.5 597.5 235.5
684066 494 558.5 222
684200 476.5 594 227.5
684331 498 557 219
684464 464 584 222
684584 473.5 552.5 226
684696 489 543 224
684828 481 533 225
684945 480 569 258
685076 488 575 115
685208 473 575 230
685340 479.5 598 244.5
685441 477.5 559 233
685573 461.5 618 233
685706 476.5 601 220.5
685838 485 570 153
685971 523 557.5 239.5
686102 499 576.5 271
686206 498 597 234.5
686317 500.5 568.5 240.5
686434 474.5 580 232.5
686567 487.5 552 285.5
686699 461.5 547 225
686831 462 541 225.5
686932 482.5 534 229.5
687046 483.5 552 230.5
687178 486.5 580.5 156
687310 491.5 579.5 236
687444 476 601.5 235.5
687576 470 597.5 252.5
687709 470.5 570 248
687841 495 570.5 200
687974 502.5 570.5 250.5
688105 476.5 601.5 235.5
688206 495.5 590.5 230.5
688337 460 594.5 255
688470 451 589 238.5
688603 465 565.5 241
688735 478.5 551.5 237
688868 480 562 228.5
688999 497 542.5 301
689115 452.5 606.5 266.5
689232 513 532 222.5
689347 494.5 595 256.5
689480 521.5 530.5 274.5
689600 457 606 236.5
689712 480 570.5 239.5
689844 490 578.5 182.5
689977 503.5 577 221.5
690108 502 610.5 248
690209 504 609.5 259.5
690340 490 601 257
690473 485 583 218
690606 496.5 600.5 259.5
690738 503.5 615.5 272.5
690870 499 602.5 236.5
691002 486 588 248
691134 483 579 213
691267 486 562 243.5
691399 497.5 566.5 223.5
691500 498.5 565 217.5
691632 488 600.5 222.5
691765 485.5 584 203
691880 476.5 611 259.5
692012 498 559.5 225.5
692145 484 580.5 178.5
692276 483 572 194.5
692409 475 580.5 228
692542 486 574 120
692675 500.5 568 296.5
692807 520.5 535.5 220
692940 512.5 569.5 218
693071 496.5 566.5 192
693204 476.5 570 219.5
693336 477 565.5 254.5
693469 476 580.5 227.5
693602 492.5 583 241
693734 485 591 223.5
693867 486.5 582 154.5
693999 489 597 240.5
694134 491 587.5 233
694248 507 595 239.5
694379 500.5 599 220.5
694512 489.5 567 98
694645 485 567 119
694777 482 578.5 230
694910 495 584 232
695041 491.5 600.5 229
695174 476 594.5 248.5
695306 485.5 600.5 226.5
695439 495.5 570 207.5
695572 475 627 220
695704 476.5 602.5 224
695837 481.5 589.5 240
695969 481 607.5 220
696100 495 578 236
