# time(ms) x(pixel) y(pixel) blob_area(pixels).. repeated for each blob
787826 495.5 572 205.5
787958 492.5 584.5 249
788106 497 598.5 234
788223 504 594.5 243.5
788338 499 568.5 235
788472 499.5 566 242
788620 497 569.5 188
788753 494.5 568.5 149
788885 494 569.5 134.5
789017 497 568 220.5
789150 505 586.5 232.5
789298 498.5 570 246.5
789432 497.5 547 229
789580 491.5 557 183.5
789713 488.5 556 226.5
789845 488.5 560.5 149
789978 493 552.5 232
790126 489.5 560.5 141.5
790242 491.5 578.5 198.5
790357 495 572 200
790458 496.5 563 227.5
790590 497.5 565 234
790723 499 570 238
790855 502 571 237
790988 495.5 578.5 251
791135 496.5 575.5 230
791268 506.5 573 234.5
791400 518 580.5 239
791501 513.5 565.5 243.5
791633 506.5 566.5 220
791766 499.5 578 243.5
791898 500 581.5 231.5
792046 505 577 226
792179 503.5 565.5 222.5
792327 492.5 576.5 178
792461 491.5 580 202
792593 499.5 584 231
792742 496.5 558.5 222.5
792875 492.5 557.5 214.5
793006 492.5 562.5 144.5
793138 489 573 123.5
793271 494.5 573.5 212
793403 497.5 573 245
793504 502 574.5 227
793636 510 566 230.5
793768 509 544 234
793917 500 556.5 226.5
794049 497 561 234
794199 506 577.5 234
794314 520 578.5 234.5
794447 511 568.5 243
794598 503.5 570.5 234
794747 509.5 585.5 239.5
794862 507.5 589 233.5
795010 505 589 229
795126 501.5 595 233.5
795274 504 582 231.5
795406 508 587.5 229
795540 508.5 592 230
795672 497 584.5 247
795804 500 589.5 238
795937 511.5 610.5 244.5
796068 505 593.5 239.5
796169 507.5 584.5 226
796284 503.5 571 228.5
796416 505.5 570.5 222.5
796549 502.5 578.5 228
796682 498 568.5 238.5
796814 503.5 558.5 235
796947 502.5 565 234
797078 496.5 572 236.5
797211 494 563 163.5
797343 488.5 562.5 129
797476 491 552 226
797609 494 552.5 231
797741 497.5 560 241.5
797874 493 573.5 146
798005 493.5 569.5 123
798155 501.5 568 232
798287 506 550.5 228
798420 501.5 551 218
798553 501.5 557 224
798685 507.5 544.5 232
798834 514.5 541.5 225
798966 518 520 224.5
799098 511.5 553 245
799215 495.5 571 225.5
799329 491 584 248
799430 493 589 255.5
799562 503 583 231
799695 500 577.5 237
799828 497 563 237.5
799976 508 552.5 244
800107 514 572 236.5
800224 493.5 580.5 257
800356 488.5 560.5 164
800489 487.5 577.5 143
800622 483.5 557 235
800754 484.5 558 221
800903 528 628 316.5
801035
801167
801299
