# time(ms) x(pixel) y(pixel) blob_area(pixels).. repeated for each blob
892631 498 586 455
892743 463 599 523.5
892875 479 569 406
893006 457.5 621.5 445
893139 486 566 371
893272 465 643 393.5
893404 475 580 454.5
893537 475 550.5 399.5
893670 482.5 670 617
893802 483 611.5 465
893935 486.5 606.5 411.5
894066 469 602.5 412
894183 457.5 631.5 410.5
894314 460.5 622.5 482
894448 488.5 613 451.5
894580 485.5 600 423.5
894712 484.5 639.5 382.5
894845 475 606 453
894977 483 602.5 383
895109 498 572 389
895241 510.5 612.5 436
895374 528 620.5 454
895508 493 657.5 514
895640 484 604.5 374
895772 497 573 360
895904 529.5 585.5 442.5
896036 527 547.5 421
896170 479 605.5 372.5
896285 461.5 594.5 401.5
896417 447 615.5 508.5
896550 449 569 459.5
896683 460.5 566 379
896815 448.5 605 375.5
896948 500.5 557.5 379
897079 469 600.5 536
897211 463.5 620 473
897344 483.5 606 419
897478 506.5 606 375
897611 485 503 449.5
897743 498 577.5 439
897891 499 552.5 360
898022 495 557 363
898156 468 579.5 468
898287 498.5 585.5 424
898421 528 583 415
898553 491 635 380.5
898686 485 545 377.5
898818 514.5 545.5 538.5
898967 504 590.5 420
899098 472.5 625 547.5
899199 485.5 620 421
899330 507 632 470
899464 493.5 667.5 431.5
899596 469.5 656.5 405.5
899729 510.5 578.5 405.5
899861 475 627.5 388.5
899993 489.5 623.5 422.5
900125 490 614 384.5
900242 489 605.5 428
900357 489 611.5 383
900491 508 592 450
900639 487 545.5 376
900755 504 543 407.5
900904 506.5 571 438
901035 468 573 401
901168 496.5 575.5 349
901300 487.5 581.5 323
901434 489.5 511.5 392
901566 480 579.5 396
901698 506 571 412
901831 489 521 371.5
901963 493 597 391.5
902095 489 563 312.5
902212 489 547 412.5
902360 537 535 398.5
902493 505 550.5 381.5
902625 490 557 385
902758 504.5 589.5 400.5
902874 505 603.5 422.5
903006 483.5 567.5 328
903138 476.5 581.5 385
903270 496.5 560.5 386.5
903403 521.5 555 433.5
903536 538.5 613 408
903668 509 561.5 369.5
903801 462.5 636 433
903933 502.5 563.5 367
904065 510 677.5 491.5
904198 532.5 622.5 528.5
904314 505.5 627.5 445.5
904446 509.5 616.5 377
904579 513 692 419.5
904711 527.5 629.5 383
904844 508.5 650 407
904976 517.5 577 401.5
905107 496.5 648.5 483
905240 497 619.5 415
905357 490 580 365.5
905490 500.5 598 382.5
905622 472.5 569 387
905754 485.5 563 332.5
905886 455 661 427.5
906018 500.5 607 581
906152 489.5 588.5 569
906283 475.5 602.5 366
906416 486 585 354.5
906549 496 611.5 386
906681 498 590.5 378.5
906814 499.5 610.5 384.5
