# time(ms) x(pixel) y(pixel) blob_area(pixels).. repeated for each blob
1100442 503.5 570 344
1100574 497.5 593.5 361
1100706 501.5 590.5 356
1100839 509 554 336.5
1100971 514 564.5 336.5
1101103 512.5 571 348
1101235 505.5 567 349.5
1101368 505.5 583 356
1101501 503.5 562.5 347
1101617 497.5 566 338.5
1101733 499 575.5 351.5
1101849 510.5 583.5 338
1101981 508.5 549 337.5
1102113 496.5 552.5 327.5
1102246 505.5 562 346
1102377 499.5 554 337
1102478 483 527 334.5
1102610 496 552.5 340.5
1102743 502 562 354
1102875 502.5 554 349.5
1103006 504.5 545 337
1103139 526.5 585.5 367
1103271 523.5 566.5 349.5
1103404 519.5 550.5 356
1103537 510.5 539 341.5
1103670 507 530.5 341.5
1103802 519.5 530 342.5
1103935 504 530.5 339.5
1104050 493.5 551 335.5
1104183 492.5 557 317.5
1104314 506 525 358
1104435 510 515 335
1104547 506.5 524 345
1104679 508.5 522 329.5
1104812 508.5 530.5 341
1104944 508.5 526 350.5
1105076 508.5 547.5 336.5
1105208 505.5 551 339
1105341 501 526.5 340.5
1105474 506.5 552.5 341
1105607 502.5 522 348.5
1105739 494.5 524.5 351
1105871 486.5 527 353
1106003 494 516 341
1106137 492 517 340
1106239 494 516.5 335.5
1106350 490.5 498 331
1106467 491 494 339
1106571 495.5 503.5 336
1106716 511.5 539 339.5
1106848 503 520 330.5
1106966 498 527 342.5
1107079 492.5 539 329
1107211 492.5 537.5 339.5
1107344 483 518.5 334.5
1107477 478 530.5 345.5
1107609 490 552.5 323.5
1107742 495.5 546.5 348
1107875 503.5 557 354
1108007 522 546.5 352
1108156 514.5 537 342
1108304 506 540.5 335.5
1108437 504.5 525 343
1108570 530 495.5 336.5
1108702 518 515 329
1108835 507.5 523 335.5
1108967 497.5 524 332
1109098 515 519 337.5
1109215 510 545.5 342.5
1109330 500.5 543 345.5
1109464 499.5 509 333.5
1109596 490 533.5 333.5
1109729 490.5 530.5 335.5
1109861 495.5 544.5 336
1109994 502.5 552.5 336
1110144 499 534 347.5
1110290 497.5 554.5 332
1110424 508.5 559.5 344
1110556 501.5 543.5 363
1110689 499.5 564 342.5
1110821 506 533.5 342.5
1110954 521 542 345.5
1111085 534.5 540.5 348
1111217 520 544.5 350
1111351 521 534 344.5
1111500 515.5 559 355.5
1111632 519.5 553.5 340
1111765 512 536 338.5
1111897 510 546 331
1112029 509.5 566.5 335
1112162 519 537.5 332.5
1112310 531.5 512.5 350
1112443 540 516 365
1112576 519.5 536 342
1112708 505.5 534 330.5
1112841 484.5 566.5 309.5
1112973 476.5 584.5 379.5
1113105 488 567 223
1113237 484 562 336
1113369 486 588 339.5
1113470 477 592 341.5
1113602 490.5 595 355.5
1113735 492 577.5 276.5
1113867 502 553.5 338.5
