# time(ms) x(pixel) y(pixel) blob_area(pixels).. repeated for each blob
997577 530.5 640.5 406
997710 488.5 639.5 369
997842 556.5 600.5 365
997975 528 593 409.5
998106 526 593.5 364.5
998223 547 541 394.5
998354 527.5 563.5 351
998488 495.5 617 392
998620 516.5 570.5 346.5
998753 483 637.5 364.5
998885 515.5 577 347.5
999017 555 529.5 405.5
999150 523 524 360
999298 522.5 553 369.5
999431 522.5 568.5 352
999564 491 636.5 387.5
999696 520.5 573 371.5
999829 494.5 592 412.5
999961 503.5 611.5 464.5
1000093 526.5 593 353
1000210 534.5 586.5 353.5
1000325 525.5 602 398
1000474 527 643.5 384.5
1000607 523.5 604 362.5
1000739 516.5 607 371.5
1000872 503.5 580 363
1001003 491 584.5 369.5
1001135 509.5 563.5 337
1001268 483 541.5 372
1001400 504.5 530 339.5
1001534 494 559 314.5
1001666 475 537 347.5
1001799 494.5 540.5 366
1001931 462.5 559.5 415
1002062 476.5 530 360
1002163 469 545 369
1002311 480.5 524 384.5
1002444 427 488.5 422
1002561 418 499.5 349.5
1002693 420 528 358.5
1002825 458 516 410
1002957 460.5 552 398
1003089 465.5 576.5 361
1003204 475.5 587 346.5
1003337 501 585.5 379
1003470 503.5 577 360
1003603 482 616 406.5
1003752 497.5 628.5 359.5
1003855 482.5 617 397.5
1003983 468.5 660.5 375
1004115 451 624 342.5
1004216 438 615 376.5
1004348 416 641.5 411
1004468 456 607.5 368
1004579 445.5 679.5 384.5
1004712 434.5 679.5 359
1004845 452 755 545.5
1004961 460.5 749.5 391.5
1005075 444 736 373
1005191 438.5 714.5 379.5
1005307 419 720.5 379.5
1005424 435 649.5 365
1005525 430 642.5 380
1005639 445.5 608 352
1005755 462 596 365
1005871 474.5 577 351
1005987 473.5 577.5 343
1006102 468 594.5 355.5
1006235 450.5 636 368
1006366 437 626.5 375.5
1006483 438.5 599.5 344
1006603 420.5 618.5 347
1006748 414 586 337.5
1006865 387.5 557 346
1006997 384 550 341.5
1007128 381 537 335.5
1007260 410 548 339
1007376 423.5 535.5 336.5
1007509 441.5 539 353.5
1007642 430.5 580 369
1007774 434 631 357
1007907 402 621 357
1008038 402 673 366
1008139 439 679.5 393
1008271 464 702.5 420
1008402 510.5 745.5 436.5
1008503 509.5 678.5 380
1008635 500 624.5 391
1008768 451 631.5 376
1008883 453.5 656.5 353.5
1009015 479 570.5 346.5
1009136 455.5 558.5 333
1009248 467 564.5 343.5
1009379 460 584.5 344
1009512 467.5 574.5 369.5
1009645 441.5 578.5 367.5
1009777 500.5 497 358
1009910 502.5 477 330
1010041 436 495 326
1010142 371 643 558.5
1010274 334 828.5 706
1010405
1010506 222.5 845 673.5
1010638 280 956.5 606
1010770 382 944 630
1010903 499.5 823.5 1063
1011034 638.5 577 381
1011167 454 728.5 724.5
1011300
