# time(ms) x(pixel) y(pixel) blob_area(pixels).. repeated for each blob
943828 480.5 605.5 411.5
943960 489 599 377.5
944091 490.5 587 392
944192 472.5 602.5 405
944307 454 575.5 457.5
944440 474 520.5 359.5
944573 440 596 392.5
944690 474 573 391.5
944804 479.5 556.5 403.5
944937 498.5 565 337
945068 477 554 350
945200 464 576.5 366.5
945333 465.5 575.5 436
945466 466 574 396.5
945599 461.5 599 375.5
945731 476 580 368.5
945864 491 553.5 396
945996 472.5 589.5 394.5
946129 472.5 600 417
946245 470.5 563.5 369
946359 501.5 541 364
946493 480 567.5 405.5
946625 488.5 520 429.5
946757 472.5 569.5 442.5
946890 478.5 593 458.5
947021 480 605 361.5
947154 515 588 376
947286 504 626 366.5
947420 495.5 593 359
947552 503.5 613 375.5
947685 464 643 375
947801 476 606.5 366
947933 491.5 633 362
948064 495 643 390.5
948165 505.5 596.5 365
948296 469.5 672.5 397.5
948430 501.5 548 451
948562 501.5 533.5 397
948711 485 567.5 314.5
948843 488 589.5 479.5
948976 477.5 568 399.5
949107 498.5 573 359
949208 490.5 580.5 410
949322 471 623 450
949423 483.5 588.5 361.5
949555 513.5 581 455
949687 526 575.5 396
949820 535.5 563 361.5
949952 508 599.5 370.5
950084 482.5 579 372
950201 474.5 552.5 431.5
950316 493 554.5 413
950449 477.5 534.5 395
950582 486.5 530.5 375.5
950714 469.5 597.5 354
950846 485 564 293
950979 497 594.5 427.5
951110 508.5 564.5 369.5
951243 491.5 606 383.5
951375 522 576.5 387
951509 499 598 369.5
951641 503.5 592.5 365
951773 509.5 639.5 372
951906 490.5 605 359
952037 508.5 614.5 353.5
952139 505.5 590 406.5
952286 490 590 390.5
952419 499.5 588.5 353
952551 498.5 594 376.5
952668 499 609.5 415.5
952800 505 601.5 367.5
952932 526.5 596.5 405
953063 502.5 625.5 373.5
953196 508.5 601.5 358
953328 494.5 602 362
953462 488.5 584.5 318.5
953578 492.5 591 365
953710 487 592.5 376.5
953842 482.5 604 365
953975 483 632 422.5
954106 504.5 593.5 359
954224 489 596 397
954355 488.5 595 404.5
954488 494 607.5 383.5
954621 469 675.5 388
954754 487 642 385.5
954886 493 678.5 395.5
955018 496 652 418
955166 498 653 387
955298 513 646 383.5
955432 516 609 361.5
955547 489.5 657.5 403
955680 503 635 375.5
955812 481.5 624 393.5
955945 505 557 398
956076 502 642 501.5
956177 502 659 363
956308 503.5 623.5 368.5
956441 498 626.5 366.5
956574 498 598 357.5
956706 497 567.5 342
956839 500.5 594 353.5
956971 477.5 549.5 360
957102 469 552 357.5
957235 487.5 542.5 354.5
957367 485.5 582.5 319.5
957468 505 576 407.5
957600 519.5 561.5 361
957735 534.5 554 348.5
957881 508.5 578 349.5
958001 511 561 362
