# time(ms) x(pixel) y(pixel) blob_area(pixels).. repeated for each blob
637601 492 580 227.5
637733 489.5 568 136
637866 482 585.5 253.5
637998 498 603.5 254.5
638101 509.5 589 256.5
638214 499.5 597.5 249
638333 488.5 597.5 250.5
638445 499 578.5 249.5
638566 503 586.5 245.5
638677 500.5 572.5 249.5
638809 484.5 599.5 246.5
638942 488 579.5 159.5
639073 500.5 586.5 232
639174 495.5 591.5 237
639305 493 581 251.5
639438 484 593 231.5
639573 487.5 592 269
639686 485.5 585 227
639803 481.5 567.5 257
639935 486.5 568 154
640066 507 551.5 222
640168 493 588.5 273.5
640299 502.5 570 245
640431 499 577 240.5
640564 501.5 572.5 272
640680 499 562 240
640813 499.5 565 241.5
640929 491 553 243
641043 495.5 541.5 219
641175 503.5 549 253
641308 488 569 111.5
641441 498 536.5 225.5
641574 501.5 540.5 234
641689 499.5 545 224
641810 495 565 174.5
641938 510 531.5 227
642069 485.5 549.5 247.5
642170 483.5 550 258
642301 483.5 577 189.5
642435 494.5 553 226.5
642567 472 609.5 230.5
642699 490.5 605.5 232.5
642815 494.5 576 203
642948 480 559.5 253.5
643079 485 565.5 205.5
643199 495 550 244.5
643311 495.5 570.5 215
643444 489 574.5 126.5
643576 506 560.5 219.5
643709 505 549.5 236
643841 493 581.5 264
643974 488.5 583 187
644105 485 585 231
644206 495 582.5 262.5
644322 498.5 602.5 257.5
644423 498.5 588.5 251.5
644553 485 595.5 238.5
644686 497.5 581 232.5
644818 478.5 621 236
644951 495.5 580 271
645082 497 588.5 237.5
645199 482 589 255
645302 480.5 583 262.5
645431 487 586.5 228.5
645546 493.5 601 238.5
645679 502 570.5 235
645811 492 581.5 221
645944 482.5 586.5 261
646075 484 601.5 231
646176 487.5 589.5 235.5
646307 496 564.5 237
646440 487 571.5 114.5
646573 481 570.5 241
646705 483.5 590 256.5
646838 481.5 593 259.5
646970 503 605 234
647102 494.5 593 248.5
647217 498.5 601 261
647350 482.5 572 221
647467 489.5 592.5 242.5
647599 487.5 581.5 169.5
647732 494.5 578 236
647881 502 583 250.5
648012 495.5 601.5 257.5
648135 488 598 231
648245 487.5 592 244
648376 492 577 177
648510 504.5 580 240
648642 504 583 243
648774 495 590.5 254
648907 493 585 257.5
649038 500 570.5 238
649139 499 574 242.5
649270 500 568 231
649402 502.5 574 237
649503 503.5 567 229.5
649635 494.5 578.5 242.5
649768 490.5 598.5 228.5
649900 495 599 223
650032 502 603.5 248
650166 501.5 614.5 231.5
650280 498 608 233.5
650399 503 596 238
650500 493.5 582.5 245
650612 491 582.5 234
