# time(ms) x(pixel) y(pixel) blob_area(pixels).. repeated for each blob
1047934 523 554.5 330
1048065 512.5 600 341
1048182 510.5 620 478.5
1048297 474 645.5 365.5
1048430 463.5 582.5 325
1048563 455 629 336.5
1048695 503.5 565 323.5
1048828 491 579 239.5
1048960 493 591 382
1049091 513.5 601.5 332
1049208 476 593 324.5
1049323 480.5 559.5 327
1049457 498 574.5 331
1049589 494 580 300
1049722 496.5 543.5 351
1049854 539.5 476.5 320.5
1049987 512 577 338.5
1050136 499.5 541.5 374.5
1050283 481 550.5 321
1050416 479.5 587.5 332
1050549 478.5 554 328.5
1050682 490 571 185.5
1050814 472.5 582 337.5
1050946 508 548 342
1051078 493 571 257.5
1051210 505 600.5 330.5
1051343 489 607.5 376.5
1051476 509 589 351.5
1051609 497.5 611.5 334
1051741 486.5 597.5 351
1051874 490.5 556.5 300.5
1052005 484.5 626.5 328.5
1052138 485.5 611 390.5
1052254 466 607.5 358.5
1052386 480 623.5 334
1052519 507.5 589.5 330
1052651 489 611 337.5
1052784 541 654 362.5
1052916 536 567 356
1053048 484.5 606.5 425.5
1053180 464 570.5 329.5
1053313 501 610 412
1053446 478.5 613 341.5
1053579 540.5 566.5 369
1053711 507 574.5 353.5
1053843 512 588.5 354.5
1053976 491 580 294.5
1054107 486.5 580 285
1054208 473 601 350
1054322 456 607 341.5
1054456 463 629 327
1054588 475.5 598 374
1054737 477 616 326
1054870 495.5 582 338
1055002 461 608.5 324.5
1055134 488.5 558.5 322.5
1055283 505.5 570 329.5
1055415 471.5 595.5 418.5
1055548 481 594 327
1055697 484 629 325.5
1055830 502.5 561 316.5
1055962 484 580 292
1056094 466 582.5 401
1056210 496 578 363.5
1056342 518 583 424.5
1056475 527 576.5 353.5
1056608 522.5 557.5 379
1056740 490.5 563 249
1056873 494.5 580 323.5
1057021 522.5 555 317.5
1057153 538.5 536.5 323
1057286 527.5 599.5 359.5
1057419 515.5 622.5 329.5
1057568 510 612 333
1057700 504.5 583.5 340
1057833 495.5 597.5 347.5
1057965 484.5 624.5 355.5
1058113 475 591.5 345
1058230 499 549 355
1058361 479.5 591.5 349.5
1058495 470.5 617 332
1058627 502.5 533 327
1058776 513 505.5 318.5
1058909 502 552 333
1059040 494.5 569 256
1059141 507 536.5 322.5
1059273 507.5 540.5 343
1059422 495.5 564 353
1059554 490.5 611.5 371.5
1059687 480.5 575.5 326
1059836 475.5 517 320
1059968 501.5 551.5 338.5
1060100 512 576 330.5
1060217 531.5 578.5 339
1060331 544 563 373
1060432 513 567.5 331.5
1060564 480.5 553.5 322
1060696 481.5 605 330
1060829 496.5 599 359.5
1060978 467 569 336.5
1061109 483.5 564 290
1061242 238.5 686.5 1513.5
1061375
1061508 311 715.5 506
1061657
1061789
1061921
