# time(ms) x(pixel) y(pixel) blob_area(pixels).. repeated for each blob
724707 492.5 557 202.5
724839 495.5 551.5 221
724972 495.5 568 192.5
725103 496.5 573.5 228
725236 492 585.5 224
725368 485.5 572.5 121
725502 484 587 229
725633 489.5 584.5 216.5
725767 480 571 238.5
725915 503.5 561 245
726046 495.5 575 220.5
726180 484 583.5 220
726328 483.5 571.5 145
726461 482.5 581.5 239.5
726594 495.5 576.5 228.5
726726 493.5 582.5 237
726859 477.5 565.5 220.5
727006 471 578 226.5
727139 498.5 581 225
727271 491 600.5 224.5
727404 496.5 559.5 213
727537 483.5 577 179.5
727670 484 593.5 236
727802 497 588 228.5
727935 503.5 596.5 234
728066 511.5 579 211.5
728199 499 550.5 221
728314 496 565 198.5
728448 489.5 558 195.5
728580 498 556 209
728713 496.5 573 214
728846 504.5 594.5 229
728994 502.5 564 209
729125 483 595.5 234.5
729226 484.5 590.5 230
729357 477 551 237
729478 468.5 587 223
729607 477.5 579 237.5
729739 484 598 221
729871 522 539.5 219.5
729975 518 548.5 213
730102 498.5 556 217
730219 504 556.5 220
730350 479 593 228
730483 485.5 579 149
730616 466.5 573 228
730748 482.5 561.5 244.5
730881 455 578 228
731012 472.5 589.5 230.5
731145 466.5 582 276.5
731277 484 608.5 247.5
731397 465 528 255.5
731510 425 491 211
731642 417.5 517 246
731775 450.5 581 268.5
731907 489 572.5 159.5
732038 493 539 223
732140 456.5 538 225
732270 387 570.5 210.5
732403 403.5 593.5 267.5
732536 473 609.5 441
732669 461 637 273.5
732801 493 725 269.5
732950 481.5 638 271.5
733081 404 595.5 379
733214 470.5 694.5 233.5
733346 473 583.5 363
733480 504.5 592 327
733600 448 609.5 251.5
733711 468 601 344.5
733844 482 581 262.5
733964 462 606 221
734074 494.5 648.5 215
734193 450 619 292.5
734323 496.5 561.5 220
734456 416.5 601.5 238
734589 487 555.5 267
734721 583 565.5 305.5
734854 418.5 571.5 220.5
734986 507 567 290.5
735117 415.5 601 256.5
735250 508 665.5 288
735382 428 671 296.5
735483 563 589.5 273.5
735615 446 578 295.5
735747 507.5 601.5 222.5
735880 449 613 229
736011 521.5 586 239.5
736145 510 575.5 237.5
736261 513 560.5 217
736376 489 602.5 294.5
736477 486 620.5 261.5
736608 498.5 610.5 298.5
736741 476 571 277
736873 487.5 563 431.5
737005 471 770 297
737137 520.5 704 273
737269 477 620 292.5
737402 569.5 425.5 221.5
737535 530.5 409 300
737668 445 540 244.5
737800 479.5 584 273
737949 510.5 531.5 255
738064 490 542.5 225.5
