# time(ms) x(pixel) y(pixel) blob_area(pixels).. repeated for each blob
587873 493.5 606 240.5
588022 488 596.5 238.5
588155 498 588.5 240.5
588286 501 597 237
588420 490.5 601 241.5
588552 502.5 585.5 250.5
588684 521.5 561.5 229
588817 490.5 582.5 216
588933 489.5 571.5 121.5
589064 501 562 257
589165 501 563.5 241
589267 498.5 572.5 234.5
589412 496.5 559.5 242.5
589545 491.5 568 140
589678 484 581.5 202
589810 486 559.5 241.5
589959 488.5 559.5 193
590074 483.5 532 232
590175 477 528.5 236.5
590289 477.5 537 225
590405 475 557.5 233
590539 484 554 240
590671 491 567.5 123
590803 491 581 224
590936 492 569 111
591067 487.5 587.5 228
591200 483 598 234
591332 488 591.5 256
591433 485 579.5 162.5
591565 488.5 588.5 265.5
591698 493 569.5 156.5
591813 493.5 576 200
591930 494 591.5 236.5
592032 497.5 568 240
592144 497.5 570 233.5
592276 498.5 569.5 241.5
592408 491.5 579.5 232
592509 495.5 563 184.5
592641 499.5 564 247
592773 493.5 578 220.5
592906 495 563.5 177
593037 493.5 574 158.5
593170 497 561 239
593302 502 569.5 229
593435 495 586 234
593568 494.5 578 247
593700 487.5 584.5 204.5
593833 497.5 586 233.5
593965 505.5 582.5 227
594066 522.5 581.5 238
594197 510 578.5 244.5
594313 498.5 585.5 238.5
594445 496.5 571.5 248
594578 495 575 241.5
594710 505.5 567.5 233
594830 508 558.5 228
594975 497 559 239.5
595106 490 565 138
595207 494 585.5 250.5
595338 496 589 245
595439 496 572.5 251
595571 489 569 106
595703 469.5 568.5 320.5
595836 496.5 572.5 240
595968 487 589.5 238
596100 483 560.5 241.5
596204 482.5 577 238.5
596315 485.5 585 219.5
596432 496 581.5 247.5
596548 506 591.5 227
596668 493.5 590.5 244.5
596779 494.5 590 241
596912 491.5 584 240
597043 492.5 584.5 236.5
597163 499 586.5 246
597275 493.5 580 227
597407 497 592 247
597508 489.5 610.5 230
597640 482 616.5 235
597773 488 592.5 242
597905 487 609 238.5
598036 504 591.5 248
598137 501 591.5 250.5
598253 497 593.5 232.5
598368 494 578.5 227
598501 488 586.5 227.5
598633 495 586 245.5
598766 490 600.5 244.5
598869 500.5 582.5 255
599013 501 602 235
599147 498.5 583.5 237.5
599278 488 602 231
599410 488.5 584 230.5
599512 482.5 581 252
599643 480.5 588.5 252.5
599775 479.5 594.5 230.5
599908 483 577.5 206.5
600039 483.5 580 220.5
600140 487.5 583.5 194.5
600271 478 603 234
600404 490.5 588.5 237.5
600537 497 604 254.5
600670 503 609 246.5
